1511582400 17.6 17.86
1511584200 17.64 17.78
1511586000 17.37 17.74
1511587800 17.44 17.71
1511589600 17.64 17.69
1511591400 17.45 17.66
1511593200 17.45 17.61
1511595000 17.55 18.02
1511596800 17.77 18.47
1511598600 18.16 18.44
1511600400 18.05 18.37
1511602200 18.34 18.5
1511604000 18.22 18.46
1511605800 18.25 18.42
1511607600 18.06 18.35
1511609400 18.05 18.17
1511611200 18.12 18.23
1511613000 18.23 18.57
1511614800 18.49 18.6
1511616600 18.21 18.52
1511618400 18.1 18.21
1511620200 18.15 18.25
1511622000 18.08 18.17
1511623800 18.1 18.24
1511625600 18.17 18.22
1511627400 18.2 18.45
1511629200 18.4 18.6
1511631000 18.55 18.63
1511632800 18.51 18.66
1511634600 18.49 18.66
1511636400 18.49 18.59
1511638200 18.49 18.54
1511640000 18.5 18.56
1511641800 18.48 18.55
1511643600 18.47 18.54
1511645400 18.47 18.54
1511647200 18.52 18.64
1511649000 18.58 18.63
1511650800 18.57 18.78
1511652600 18.74 18.92
1511654400 18.92 19.14
1511656200 19.12 19.56
1511658000 19.24 19.58
1511659800 19 19.28
1511661600 19.11 19.2
1511663400 19.12 19.18
1511665200 19.16 19.26
1511667000 19.23 19.38
1511668800 19.35 19.48
1511670600 19.44 19.72
1511672400 19.42 19.79
1511674200 19.44 19.63
1511676000 19.6 19.87
1511677800 19.86 20.07
1511679600 19.82 20.08
1511681400 19.47 19.86
1511683200 19.58 19.74
1511685000 19.43 19.7
1511686800 19.32 19.54
1511688600 19.36 19.5
1511690400 19.33 19.43
1511692200 19.35 19.49
1511694000 19.33 19.47
1511695800 19.35 19.46
1511697600 19.38 19.46
1511699400 19.41 19.49
1511701200 19.42 19.44
